version https://git-lfs.github.com/spec/v1
oid sha256:3df22c2b907ece80d6e8c1d75d5a0d2a74ecc79c686a2dc94abe40f41a4fe522
size 20577809
